1 21 0.180491638
1 24 0.028695347
1 70 0.009111582
2 20 0.039832250
2 28 0.003419027
2 69 0.009741932
3 20 0.985527242
3 27 0.003952279
4 19 0.996840463
4 24 0.043180900
5 18 0.998548557
5 23 0.046155779
6 16 0.017083053
6 17 0.997941879
6 22 0.045743811
7 15 0.020508667
7 16 0.997778302
8 14 0.032807770
8 15 0.997787830
9 13 0.037302359
9 14 0.949761569
9 20 0.048775058
10 19 0.051118811
11 18 0.051458487
11 21 0.011323535
12 17 0.051385809
12 20 0.011585046
13 19 0.011559861
14 18 0.011306884
15 25 0.005923752
16 24 0.005938691
17 23 0.005921075
19 26 0.006342255
19 69 0.026585449
20 25 0.015869368
20 68 0.078162798
21 67 0.083153121
21 69 0.015692233
22 62 0.004096209
22 66 0.072826193
22 70 0.500341805
23 29 0.003937965
23 36 0.003939758
23 61 0.004429727
23 69 0.563491874
24 28 0.003724567
24 35 0.003962713
24 60 0.004426820
25 34 0.003969373
25 59 0.004399821
26 64 0.005111248
26 65 0.025299712
26 66 0.874445058
26 70 0.007038602
27 63 0.003380932
27 64 0.025132885
27 65 0.981682106
27 66 0.048290929
28 53 0.003235881
28 63 0.022687300
28 64 0.992920702
28 65 0.043216473
28 66 0.007198383
29 52 0.003247747
29 62 0.016087606
29 63 0.997371946
29 64 0.035488074
29 65 0.004408848
30 62 0.999159668
30 63 0.025111375
31 61 0.999933062
32 48 0.005386443
32 60 0.999304321
33 47 0.007314102
33 59 0.999819173
33 69 0.003510332
34 46 0.018804928
34 57 0.012245895
34 58 0.999704943
34 68 0.003637301
35 45 0.018956814
35 56 0.017232388
35 57 0.999603073
36 44 0.018997405
36 53 0.003800619
36 54 0.101736987
36 56 0.992891738
37 43 0.018809060
37 52 0.017499605
37 53 0.519687199
37 54 0.434436220
38 42 0.014338395
38 51 0.015446880
38 52 0.615096255
38 53 0.420875372
38 54 0.606506836
39 51 0.630017146
39 52 0.387475670
39 53 0.634005352
40 48 0.006975761
40 49 0.042135185
40 50 0.639822946
41 47 0.007206035
41 48 0.046665730
41 49 0.639116628
41 50 0.321870608
42 47 0.041065429
42 48 0.627861197
42 49 0.335182239
42 50 0.666218500
43 47 0.462328090
43 48 0.309673268
43 49 0.671068128
44 48 0.666832722
44 61 0.006002119
45 60 0.006069054
46 59 0.006140406
47 57 0.005970576
47 58 0.017284794
48 56 0.005990176
48 57 0.017300526
59 68 0.003212821
