1 21 0.174419116
1 24 0.015936142
1 63 0.003609552
1 64 0.003627587
1 65 0.003669005
1 66 0.006120529
1 70 0.010555759
2 20 0.025873483
2 27 0.005353101
2 69 0.011158245
3 20 0.963067864
3 26 0.008778976
3 69 0.016380893
4 19 0.994732334
4 25 0.008176546
4 68 0.015268833
5 18 0.999902333
5 23 0.004546179
6 17 0.999476892
6 22 0.004468640
7 16 0.999621379
8 15 0.999960213
9 14 0.998518681
9 20 0.004558698
10 19 0.004568082
11 18 0.004546372
11 21 0.003838787
12 20 0.003960934
13 19 0.003953150
14 18 0.003866677
18 27 0.003519025
19 26 0.005095388
19 67 0.008135394
19 69 0.045075344
20 25 0.013648735
20 66 0.014061982
20 68 0.132696066
21 67 0.135194338
21 69 0.012808200
22 62 0.778309017
22 66 0.091385503
22 70 0.231735723
23 29 0.010935860
23 36 0.012327776
23 60 0.019472539
23 61 0.843052788
23 69 0.260850048
24 28 0.009936914
24 35 0.012427613
24 59 0.003384124
24 60 0.843452012
24 61 0.003256943
25 34 0.012594637
25 47 0.005353907
25 59 0.844520394
25 60 0.004812834
25 69 0.215665442
26 33 0.012603300
26 42 0.012066103
26 43 0.024987410
26 44 0.009873429
26 46 0.005763025
26 57 0.005608702
26 58 0.844576643
26 64 0.007194301
26 65 0.020026924
26 66 0.393435174
26 68 0.219773249
26 70 0.003637745
27 32 0.009846027
27 41 0.012066838
27 42 0.026809354
27 43 0.013799299
27 45 0.005771132
27 53 0.006188523
27 56 0.007818431
27 57 0.844511677
27 58 0.008471960
27 63 0.005661596
27 64 0.021207850
27 65 0.472898532
27 66 0.042023765
28 40 0.012048202
28 41 0.026820926
28 42 0.014226676
28 44 0.005777091
28 52 0.058192096
28 53 0.028206318
28 54 0.007045825
28 56 0.841616016
28 57 0.011092224
28 63 0.018006151
28 64 0.506942620
28 65 0.044507272
28 66 0.027653766
29 40 0.026815423
29 41 0.014232868
29 43 0.005755008
29 51 0.558194104
29 52 0.268121919
29 53 0.051919576
29 54 0.066605623
29 56 0.012904641
29 62 0.013470117
29 63 0.522956656
29 64 0.037248954
29 65 0.033312928
29 66 0.005326473
30 40 0.014191439
30 42 0.005637810
30 51 0.279887662
30 52 0.050770334
30 53 0.078734491
30 62 0.532421895
30 63 0.026811403
30 64 0.009407318
31 48 0.011875746
31 49 0.806949843
31 50 0.247516124
31 60 0.004455713
31 61 0.534048256
32 48 0.818898899
32 49 0.202216805
32 60 0.533716004
33 47 0.831778152
33 48 0.145248624
33 59 0.534011842
34 41 0.005952453
34 42 0.005672490
34 46 0.843717468
34 57 0.009865687
34 58 0.533977045
35 40 0.005978605
35 41 0.005737193
35 42 0.003536100
35 44 0.003616666
35 45 0.843816543
35 46 0.034901296
35 56 0.013871300
35 57 0.533843637
36 40 0.005657713
36 41 0.003826129
36 43 0.003346150
36 44 0.843759360
36 45 0.034648793
36 53 0.003387478
36 54 0.085269854
36 56 0.525844676
37 43 0.818237004
37 52 0.014067970
37 53 0.432432803
37 54 0.160462291
37 66 0.003301394
38 51 0.009676897
38 52 0.511814254
38 53 0.131473382
38 54 0.029790380
38 65 0.003455197
39 51 0.524633323
39 52 0.093449688
39 53 0.015158952
39 62 0.003177398
39 64 0.003276632
40 49 0.029976364
40 50 0.533202622
41 48 0.033975698
41 49 0.532967903
41 50 0.013944907
42 47 0.037458596
42 48 0.532577455
42 49 0.014165864
43 47 0.479791117
43 48 0.013217886
44 61 0.033686665
45 60 0.035430750
46 59 0.035463881
47 58 0.035596943
48 57 0.035589751
48 58 0.005074584
49 56 0.035565977
49 57 0.005196880
50 56 0.005705907
51 55 0.005759526
61 68 0.023584107
62 67 0.024236305
62 69 0.004743104
